3.60562252e-06 1.05390218e+00 3.48138208e+00 2.41100101e+02
 8.80972750e-03 5.60747935e-06
3.48173679e+00 2.41351590e+02 5.43326238e-07 1.05396163e+00
 8.80100563e-03 8.44977304e-07
3.48179590e+00 2.41386716e+02 1.31276399e-06 1.05397591e+00
 8.79979232e-03 2.04159297e-06
3.93393338e-06 1.05377299e+00 3.48072101e+00 2.40661048e+02
 8.82498121e-03 6.11822987e-06
6.41872209e-06 1.05380900e+00 3.48086055e+00 2.40740041e+02
 8.82224034e-03 9.98256789e-06
3.48159026e+00 1.05395008e+00 5.61258764e-06 2.41227429e+02
 8.80531983e-03 8.72860342e-06
3.47773271e+00 1.05318169e+00 3.36293704e-06 2.38705724e+02
 8.89355441e-03 5.23083600e-06
3.48172845e+00 2.41346375e+02 4.80657735e-07 1.05395977e+00
 8.80118596e-03 7.47516036e-07
1.20359414e-05 2.40611463e+02 3.48071083e+00 1.05379870e+00
 8.82673071e-03 1.87184768e-05
5.31670038e-06 1.05380452e+00 3.48085694e+00 2.40743492e+02
 8.82211712e-03 8.26869762e-06
3.27897892e-06 2.40417477e+02 3.48034666e+00 1.05369696e+00
 8.83346383e-03 5.09970121e-06
3.48092729e+00 1.05381543e+00 4.45012633e-06 2.40794581e+02
 8.82033821e-03 6.92096941e-06
3.48178207e+00 2.41377686e+02 1.29047879e-06 1.05397311e+00
 8.80010469e-03 2.00693658e-06
3.48180917e+00 2.41397531e+02 9.39573009e-07 1.05397725e+00
 8.79941702e-03 1.46121189e-06
3.48177326e+00 2.41374191e+02 8.34338344e-07 1.05396983e+00
 8.80022437e-03 1.29755452e-06
4.59156733e-06 2.40562156e+02 3.48057655e+00 1.05374677e+00
 8.82842597e-03 7.14104237e-06
5.25657436e-06 2.40820289e+02 3.48097264e+00 1.05382713e+00
 8.81944694e-03 8.17515038e-06
4.26768845e-06 2.41074726e+02 3.48134914e+00 1.05389796e+00
 8.81060954e-03 6.63712533e-06
3.86276081e-06 2.40758048e+02 3.48086733e+00 1.05380160e+00
 8.82160669e-03 6.00750424e-06
3.48175893e+00 2.41366199e+02 5.64581922e-07 1.05396606e+00
 8.80050009e-03 8.78033164e-07
3.48174425e+00 2.41357281e+02 4.12021689e-07 1.05396264e+00
 8.80080826e-03 6.40773365e-07
2.95817045e-06 2.41093550e+02 3.48136711e+00 1.05389702e+00
 8.80995285e-03 4.60056917e-06
1.39662350e-06 2.40868635e+02 3.48101487e+00 1.05382225e+00
 8.81775570e-03 2.17207890e-06
3.01762365e-06 2.40915769e+02 3.48109911e+00 1.05384441e+00
 8.81612315e-03 4.69308184e-06
3.48103442e+00 1.05384639e+00 7.32774440e-06 2.40850178e+02
 8.81841423e-03 1.13961978e-05
4.09315993e-06 2.40773850e+02 3.48089309e+00 1.05380747e+00
 8.82105791e-03 6.36581898e-06
3.94214767e-06 2.40291301e+02 3.48016043e+00 1.05366251e+00
 8.83786738e-03 6.13114516e-06
4.14201292e-06 1.05384737e+00 3.48109474e+00 2.40906993e+02
 8.81643113e-03 6.44174309e-06
5.21254855e-06 2.40036804e+02 3.47978370e+00 1.05359257e+00
 8.84676247e-03 8.10707446e-06
3.55431885e-06 2.40273210e+02 3.48012987e+00 1.05365516e+00
 8.83849770e-03 5.52797466e-06
3.48178583e+00 2.41382673e+02 8.24925712e-07 1.05397225e+00
 8.79993075e-03 1.28291547e-06
3.86981618e-06 2.40905666e+02 3.48109064e+00 1.05384565e+00
 8.81647648e-03 6.01842209e-06
1.33294158e-06 2.40454871e+02 3.48038782e+00 1.05369842e+00
 8.83215455e-03 2.07309184e-06
5.49006525e-06 1.05371751e+00 3.48041252e+00 2.40449194e+02
 8.83236454e-03 8.53847121e-06
8.38409247e-06 1.05385312e+00 3.48105031e+00 2.40855124e+02
 8.81824541e-03 1.30390014e-05
3.48175707e+00 2.41364366e+02 6.68644935e-07 1.05396606e+00
 8.80056384e-03 1.03987092e-06
3.48052244e+00 1.05373995e+00 5.72375575e-06 2.40520579e+02
 8.82987747e-03 8.90187554e-06
3.48175680e+00 2.41364252e+02 6.59589668e-07 1.05396597e+00
 8.80056776e-03 1.02578828e-06
3.48117736e+00 1.05386327e+00 4.01967716e-06 2.40962191e+02
 8.81451415e-03 6.25146470e-06
3.48130660e+00 1.05388272e+00 2.26514551e-06 2.41057185e+02
 8.81121222e-03 3.52278614e-06
5.96481389e-06 1.05378916e+00 3.48076772e+00 2.40681074e+02
 8.82429035e-03 9.27668302e-06
3.48090220e+00 1.05381270e+00 5.09255195e-06 2.40774503e+02
 8.82103818e-03 7.92008462e-06
3.48178798e+00 2.41386040e+02 4.61938055e-07 1.05397143e+00
 8.79981319e-03 7.18401594e-07
2.97281582e-06 2.41159911e+02 3.48146733e+00 1.05391683e+00
 8.80765197e-03 4.62332670e-06
3.48089068e+00 1.05381187e+00 5.51954641e-06 2.40764694e+02
 8.82138043e-03 8.58415402e-06
3.48172479e+00 2.41345379e+02 2.08660814e-07 1.05395812e+00
 8.80121967e-03 3.24508312e-07
3.81385788e-06 2.41043512e+02 3.48129843e+00 1.05388642e+00
 8.81169112e-03 5.93134507e-06
3.48178130e+00 2.41379525e+02 8.43572627e-07 1.05397143e+00
 8.80003978e-03 1.31191513e-06
1.63596068e-06 1.05383602e+00 3.48108073e+00 2.40911089e+02
 8.81628154e-03 2.54429640e-06
3.48095381e+00 1.05381705e+00 3.39443624e-06 2.40817672e+02
 8.81953251e-03 5.27913642e-06
2.30276560e-06 1.05350916e+00 3.47941126e+00 2.39807613e+02
 8.85477657e-03 3.58157004e-06
3.48183283e+00 2.41411556e+02 1.26409003e-06 1.05398302e+00
 8.79893269e-03 1.96589317e-06
5.21651915e-06 1.05381808e+00 3.48092742e+00 2.40790602e+02
 8.82047877e-03 8.11287131e-06
7.63451377e-06 2.40779477e+02 3.48092994e+00 1.05382684e+00
 8.82087257e-03 1.18733310e-05
3.48174778e+00 2.41358892e+02 5.50777815e-07 1.05396381e+00
 8.80075291e-03 8.56565551e-07
5.11455714e-06 1.05378075e+00 3.48073991e+00 2.40667286e+02
 8.82476755e-03 7.95436007e-06
3.48178188e+00 2.41378898e+02 1.03634836e-06 1.05397220e+00
 8.80006202e-03 1.61171710e-06
2.58306061e-06 2.40867411e+02 3.48102253e+00 1.05382782e+00
 8.81780167e-03 4.01725559e-06
5.93994183e-06 2.40980444e+02 3.48122020e+00 1.05387826e+00
 8.81388599e-03 9.23783127e-06
2.91438181e-06 1.05356201e+00 3.47966859e+00 2.39973280e+02
 8.84897791e-03 4.53278330e-06
4.74887724e-06 2.40459184e+02 3.48042166e+00 1.05371677e+00
 8.83201415e-03 7.38574272e-06
5.93600705e-06 1.05387684e+00 3.48121297e+00 2.40975613e+02
 8.81405375e-03 9.23171462e-06
5.21905857e-06 2.40305266e+02 3.48019184e+00 1.05367307e+00
 8.83738371e-03 8.11706418e-06
6.72474614e-06 1.05389382e+00 3.48128557e+00 2.41019622e+02
 8.81252845e-03 1.04583157e-05
3.48088590e+00 1.05381739e+00 7.40785311e-06 2.40751529e+02
 8.82184372e-03 1.15208513e-05
7.45401829e-06 2.40853077e+02 3.48103982e+00 1.05384788e+00
 8.81831388e-03 1.15925743e-05
4.05837933e-01 1.56817958e+01 2.68359119e-10 2.41549409e-07
 8.14860552e-02 3.56265373e-04
3.48174587e+00 2.41359037e+02 2.76941659e-07 1.05396251e+00
 8.80074712e-03 4.30697921e-07
4.66772670e-06 2.40213827e+02 3.48004851e+00 1.05364292e+00
 8.84057430e-03 7.25964444e-06
3.48179070e+00 2.41384795e+02 1.02580591e-06 1.05397391e+00
 8.79985795e-03 1.59532106e-06
3.48113506e+00 1.05387368e+00 9.50835498e-06 2.40905204e+02
 8.81650891e-03 1.47873712e-05
2.71823851e-06 2.40659518e+02 3.48070903e+00 1.05376648e+00
 8.82503097e-03 4.22754111e-06
4.19100620e-06 2.31713440e+02 3.46668035e+00 1.05100033e+00
 9.14775515e-03 6.52178593e-06
3.48179328e+00 2.41387712e+02 8.07898103e-07 1.05397366e+00
 8.79975635e-03 1.25643399e-06
3.48176761e+00 2.41370605e+02 8.18893736e-07 1.05396864e+00
 8.80034834e-03 1.27353557e-06
8.01058313e-06 2.40349099e+02 3.48028073e+00 1.05370014e+00
 8.83586241e-03 1.24585193e-05
3.48099489e+00 1.05382606e+00 3.65984640e-06 2.40843421e+02
 8.81863840e-03 5.69189764e-06
5.25063359e-06 1.05383479e+00 3.48101161e+00 2.40846054e+02
 8.81855154e-03 8.16589827e-06
3.07253549e-06 2.40862465e+02 3.48101895e+00 1.05382879e+00
 8.81797496e-03 4.77849707e-06
5.48315434e-06 1.05392634e+00 3.48147213e+00 2.41149860e+02
 8.80800760e-03 8.52735471e-06
3.47975722e+00 1.05357403e+00 1.31255082e-06 2.40039861e+02
 8.84664427e-03 2.04143120e-06
3.15752884e-06 2.40309525e+02 3.48018185e+00 1.05366405e+00
 8.83722909e-03 4.91084787e-06
3.48004751e+00 1.05364613e+00 5.66486426e-06 2.40207917e+02
 8.84078360e-03 8.81045640e-06
2.01832267e-06 2.40763467e+02 3.48086079e+00 1.05379401e+00
 8.82141294e-03 3.13898271e-06
5.04350130e-06 2.40845207e+02 3.48100864e+00 1.05383350e+00
 8.81858034e-03 7.84376657e-06
3.48084520e+00 1.05379480e+00 3.14926473e-06 2.40747194e+02
 8.82198207e-03 4.89786242e-06
2.75200845e-06 2.40981436e+02 3.48119610e+00 1.05386260e+00
 8.81384225e-03 4.27997646e-06
3.22928166e-06 1.05382242e+00 3.48098397e+00 2.40838557e+02
 8.81880611e-03 5.02227858e-06
6.59708304e-06 1.05387500e+00 3.48119218e+00 2.40958372e+02
 8.81465418e-03 1.02598163e-05
5.27760035e-06 2.39296427e+02 3.47865425e+00 1.05337003e+00
 8.87273143e-03 8.20862669e-06
5.51367777e-06 1.05392296e+00 3.48145439e+00 2.41137864e+02
 8.80842363e-03 8.57482999e-06
3.47210995e+00 1.05206875e+00 2.59215281e-06 2.35105475e+02
 9.02264518e-03 4.03286528e-06
5.61315194e-06 1.05383891e+00 3.48102620e+00 2.40853771e+02
 8.81828446e-03 8.72968172e-06
3.48125965e+00 1.05388426e+00 5.42321298e-06 2.41009344e+02
 8.81288137e-03 8.43420866e-06
3.48118425e+00 1.05386523e+00 4.20396604e-06 2.40965902e+02
 8.81438571e-03 6.53806899e-06
