a,b,c,root0
0.3333333333333,-1,1,7.38489643490508702378797862698
0.3333333333333,-1,2,4.43224995041542004252371849182
0.3333333333333,-0.5,1,5.88489643490508702378797862698
0.3333333333333,-0.5,2,2.93224995041542004252371849182
0.3333333333333,0.33333333333,1,5.38489643490508702378797862698
0.3333333333333,0.33333333333,2,2.43224995041542004252371849182
0.3333333333333,0,1,4.38489643490508702378797862698
0.3333333333333,0,2,1.43224995041542004252371849182
0.3333333333333,0.3333333333333,1,3.38489643490508702378797862698
0.3333333333333,0.3333333333333,2,0.432249950415420042523718491816
0.3333333333333,0.5,1,2.88489643490508702378797862698
0.3333333333333,0.5,2,-0.0677500495845799574762815081844
0.3333333333333,1,1,1.38489643490508702378797862698
0.3333333333333,1,2,-1.56775004958457995747628150818
0.5,-1,1,4.92326428993672468252531908465
0.5,-1,2,3.29006948633334450267091795643
0.5,-0.5,1,3.92326428993672468252531908465
0.5,-0.5,2,2.29006948633334450267091795643
0.5,0.33333333333,1,3.58993095660339134919198575132
0.5,0.33333333333,2,1.95673615300001116933758462309
0.5,0,1,2.92326428993672468252531908465
0.5,0,2,1.29006948633334450267091795643
0.5,0.3333333333333,1,2.25659762327005801585865241798
0.5,0.3333333333333,2,0.623402819666677836004251289761
0.5,0.5,1,1.92326428993672468252531908465
0.5,0.5,2,0.290069486333344502670917956428
0.5,1,1,0.923264289936724682525319084651
0.5,1,2,-0.709930513666655497329082043572
1,-1,1,2.46163214496836234126265954233
1,-1,2,1.93301261828159457591335835916
1,-0.5,1,1.96163214496836234126265954233
1,-0.5,2,1.43301261828159457591335835916
1,0.33333333333,1,1.79496547830169567459599287566
1,0.33333333333,2,1.266345951614927909246691692493
1,0,1,1.46163214496836234126265954233
1,0,2,0.933012618281594575913358359159
1,0.3333333333333,1,1.128298811635029007929326208992
1,0.3333333333333,2,0.599679284948261242580025025826
1,0.5,1,0.961632144968362341262659542326
1,0.5,2,0.433012618281594575913358359159
1,1,1,0.461632144968362341262659542326
1,1,2,-0.0669873817184054240866416408408
2,-1,1,1.230816072484181170631329771163
2,-1,2,1.077891220300193017220829190834
2,-0.5,1,0.980816072484181170631329771163
2,-0.5,2,0.827891220300193017220829190834
2,0.33333333333,1,0.89748273915084783729799643783
2,0.33333333333,2,0.7445578869668596838874958575
2,0,1,0.730816072484181170631329771163
2,0,2,0.577891220300193017220829190834
2,0.3333333333333,1,0.564149405817514503964663104496
2,0.3333333333333,2,0.411224553633526350554162524167
2,0.5,1,0.480816072484181170631329771163
2,0.5,2,0.327891220300193017220829190834
2,1,1,0.230816072484181170631329771163
2,1,2,0.0778912203001930172208291908337
1.5,-1,1,1.64108809664557489417510636155
1.5,-1,2,1.38247132327872454084559956417
1.5,-0.5,1,1.30775476331224156084177302822
1.5,-0.5,2,1.049137989945391207512266230841
1.5,0.33333333333,1,1.196643652201130449730661917106
1.5,0.33333333333,2,0.93802687883428009640115511973
1.5,0,1,0.974421429978908227508439694884
1.5,0,2,0.715804656612057874178932897508
1.5,0.3333333333333,1,0.752199207756686005286217472662
1.5,0.3333333333333,2,0.493582434389835651956710675286
1.5,0.5,1,0.64108809664557489417510636155
1.5,0.5,2,0.382471323278724540845599564175
1.5,1,1,0.307754763312241560841773028217
1.5,1,2,0.0491379899453912075122662308412
0.25, 0.75, 1., 2.84653 
0.25, 1., 1., 1.84653 
0.25, 0.25, 1., 4.84653
0.2, 0.75, 1., 3.55816 
0.2, 1., 1., 2.30816 
0.2, 0.25, 1., 6.05816
0.75, 0.75, 1., 0.948843 
0.75, 1., 1., 0.61551 
0.75, 0.25, 1., 1.61551
0.25, 0.5, 2., -0.509061
0.25, 0.5, 0.75, 12.5898
0.25, 0.5, 2.5, -0.851037
0.333333, 0.5, 2.5, -0.373113
0.285714, 0.5, 2.5, -0.608812
-3.5,0.8333333333333334,10.,9.876932020523912
-3.5,0.8333333333333334,7.,9.878514098544349
-3.5,0.8333333333333334,4.,9.880895018155059
-3.5,0.16666666666666666,10.,9.972622245920434
-3.5,0.16666666666666666,7.,9.974189811046534
-3.5,0.16666666666666666,4.,9.976548860755372
-3.5,-0.16666666666666666,10.,9.877384150682339
-3.5,-0.16666666666666666,7.,9.878951715808439
-3.5,-0.16666666666666666,4.,9.881310765517277
-3.5,-0.8333333333333334,10.,9.973057733261287
-3.5,-0.8333333333333334,7.,9.974611315672421
-3.5,-0.8333333333333334,4.,9.976949303061827
-0.2857142857142857,0.8333333333333334,10.,6.855523817075025
-0.2857142857142857,0.8333333333333334,7.,6.932228584765596
-0.2857142857142857,0.8333333333333334,4.,7.11870915904799
-0.2857142857142857,0.8333333333333334,-3.,1.
-0.2857142857142857,0.8333333333333334,-2.,1.
-0.2857142857142857,0.16666666666666666,10.,8.048305672337733
-0.2857142857142857,0.16666666666666666,7.,8.134168784813175
-0.2857142857142857,0.16666666666666666,4.,8.3463143704832
-0.2857142857142857,0.16666666666666666,-3.,1.
-0.2857142857142857,0.16666666666666666,-2.,1.
-0.2857142857142857,-0.16666666666666666,10.,6.881639005671066
-0.2857142857142857,-0.16666666666666666,7.,6.967502118146508
-0.2857142857142857,-0.16666666666666666,4.,7.179647703816533
-0.2857142857142857,-0.16666666666666666,-3.,1.
-0.2857142857142857,-0.16666666666666666,-2.,1.
-0.2857142857142857,-0.8333333333333334,10.,8.06772547068729
-0.2857142857142857,-0.8333333333333334,7.,8.160746061656521
-0.2857142857142857,-0.8333333333333334,4.,8.393187169229716
-0.2857142857142857,-0.8333333333333334,-3.,1.
-0.2857142857142857,-0.8333333333333334,-2.,1.
0.2857142857142857,0.8333333333333334,7.,-2.3750981959768267
0.2857142857142857,0.8333333333333334,4.,-2.1534169856360927
0.2857142857142857,0.8333333333333334,-3.,1.
0.2857142857142857,0.8333333333333334,-2.,1.
0.2857142857142857,0.16666666666666666,10.,-0.1274743239422963
0.2857142857142857,0.16666666666666666,7.,-0.041764862643493224
0.2857142857142857,0.16666666666666666,4.,0.17991634769724074
0.2857142857142857,0.16666666666666666,-3.,1.
0.2857142857142857,0.16666666666666666,-2.,1.
0.2857142857142857,-0.16666666666666666,10.,1.0391923427243703
0.2857142857142857,-0.16666666666666666,7.,1.1249018040231735
0.2857142857142857,-0.16666666666666666,4.,1.3465830143639075
0.2857142857142857,-0.16666666666666666,-3.,1.
0.2857142857142857,-0.16666666666666666,-2.,1.
0.2857142857142857,-0.8333333333333334,10.,3.3725256760577036
0.2857142857142857,-0.8333333333333334,7.,3.458235137356507
0.2857142857142857,-0.8333333333333334,4.,3.6799163476972407
0.2857142857142857,-0.8333333333333334,-3.,1.
0.2857142857142857,-0.8333333333333334,-2.,1.
3.5,0.8333333333333334,10.,0.034096499765020195
3.5,0.8333333333333334,7.,-0.3995525048822551
3.5,0.8333333333333334,4.,0.08177619844035103
3.5,0.16666666666666666,10.,0.22457269024121068
3.5,0.16666666666666666,7.,0.24181978868965512
3.5,0.16666666666666666,4.,0.2722523889165415
3.5,-0.16666666666666666,10.,0.3198107854793059
3.5,-0.16666666666666666,7.,0.3370578839277504
3.5,-0.16666666666666666,4.,0.36749048415463675
3.5,-0.8333333333333334,10.,0.5102869759554964
3.5,-0.8333333333333334,7.,0.5275340744039408
3.5,-0.8333333333333334,4.,0.5579666746308273
1.1,1,1,0.419666
1.2,1,1,0.384693
1.3, 1, 1, 0.355102 
1.4, 1, 1, 0.329737 
1.5, 1, 1, 0.307755 
1.6, 1, 1, 0.28852
1.7, 1, 1, 0.271548 
1.8, 1, 1, 0.256462 
1.9, 1, 1, 0.242964
1.1, 0, 1, 1.328756
0.9, 0, 1, 1.6240357
{{1.1, 1.1, 1, 0.328756}, {1.2, 1.1, 1, 0.30136}, {1.3, 1.1, 1, 0.278179},

>    {1.4, 1.1, 1, 0.258309}, {1.5, 1.1, 1, 0.241088}, {1.6, 1.1, 1, 0.22602}, {1.7, 1.1, 1, 0.212725},

>    {1.8, 1.1, 1, 0.200907}, {1.9, 1.1, 1, 0.190333}}
0.8, 0, 1, 1.82704018
0.7, 0 ,1, 2.08804592
0.6, 0, 1, 2.43605357
0.5, 0, 1, 2.9232642899

