0 0.999503845169149 1.2312533850259284
1 1.0210082274300165 0.5247713769738974
2 1.0416763404591434 -0.18970224942640085
5 1.0988292665155668 -2.377018441822302
10 1.179543064815652 -6.146631181054355
20 1.3004037591116473 -14.021125838153543
50 1.5094184158044606 -39.02487685881129
100 1.6941449804980326 -82.57902868378193
300 2.0345765499128863 -263.76326922223893
500 2.21539709933568 -449.0616323469807
800 2.395935345104147 -730.3179380912522
1000 2.4867312886666997 -919.1415760859825
1400 2.6301913419422296 -1298.8095325256033
1800 2.7427204796952447 -1680.353878769555
2500 2.897109826984903 -2351.0625167905564
5000 3.252018663382435 -4763.586697660466
7500 3.4794879081308174 -7190.222165186414
10000 3.6504864053232455 -9624.743021422993
100000 5.361344017299444 -98259.38914755695
1000000 7.890962289696107 -991946.3633430431
